111
90
52
31
4
-56
7
114
97
0
-57
8
0
33
78
90
57
0
34
50
98
112
65
57
6
68
0
14
26
65
122
78
122
4
3
0
186
12
9
92
72
43
45
21
60
28
17
72
52
18
74
0
78
14
0
17
171
114
26
5
68
2
0
71
58
112
79
0
10
0
87
30
93
56
27
-3
88
79
31
37
117
59
88
4
9
-81
89
0
6
2
152
31
0
157
63
90
182
8
0
54
99
8
95
44
22
-14
108
119
39
0
207
164
72
10
61
14
81
17
52
87
28
119
78
30
13
78
188
6
1
85
82
125
92
65
41
13
16
112
63
15
113
32
5
129
18
93
12
53
27
11
164
48
19
47
33
112
18
52
47
0
-104
68
107
65
0
-2
15
63
70
64
147
103
0
30
53
114
49
56
74
24
191
164
0
7
11
-117
178
75
14
58
-35
142
1
0
41
-12
55
76
48
3
2
9
122
14
5
25
8
82
39
49
-38
102
0
26
35
63
95
32
95
0
157
37
69
109
27
95
2
93
98
31
-71
13
90
40
4
87
6
101
8
13
80
9
80
40
0
51
50
15
37
66
-38
0
65
128
48
11
0
58
42
38
84
15
47
46
10
-3
11
103
30
20
65
48
4
45
16
146
85
71
48
25
102
0
112
54
21
115
16
0
1
14
118
18
48
80
74
75
106
10
2
0
-1
36
25
2
32
17
10
66
74
0
53
62
13
50
109
49
9
75
83
12
57
200
82
0
47
-25
67
87
0
34
-27
51
12
18
90
10
176
17
3
50
133
0
124
47
2
188
118
27
71
8
112
150
80
38
33
40
14
39
72
10
127
159
10
29
9
-26
25
71
145
43
25
194
0
6
0
-93
158
49
8
44
95
53
30
104
24
-5
14
31
60
29
180
147
83
0
40
74
0
10
50
45
226
13
102
43
3
66
60
39
37
34
-57
0
101
54
0
38
0
92
2
21
62
130
72
41
1
40
139
133
35
0
169
17
13
42
36
161
136
15
3
87
-2
105
57
6
9
178
189
25
6
16
144
139
130
38
0
-72
146
16
19
79
-18
31
91
129
21
7
6
121
44
3
64
95
122
43
2
68
43
26
60
0
-24
162
53
0
2
-105
155
8
7
69
23
31
41
57
56
60
73
46
12
28
215
57
38
39
0
-3
84
27
0
78
-68
110
8
72
14
107
0
63
95
0
119
99
40
33
76
79
32
70
91
10
117
108
133
46
0
25
177
40
14
46
-55
97
117
34
9
89
163
112
19
5
-55
5
81
59
21
14
42
79
45
17
168
84
13
37
36
189
0
31
4
34
153
120
16
0
41
-135
107
27
43
0
-6
98
109
49
0
-2
164
8
0
52
18
115
47
26
29
157
46
16
30
85
0
69
23
100
72
210
29
90
110
0
0
93
42
62
11
-58
49
31
72
29
-74
34
0
55
0
117
157
85
35
39
104
44
65
66
50
96
38
86
5
26
3
8
73
71
0
-34
114
0
51
2
-98
67
60
91
17
96
53
96
19
18
127
139
133
3
0
130
44
29
97
61
48
52
118
23
3
-55
169
0
31
85
-2
138
0
24
74
-76
127
113
0
14
-216
0
116
119
7
124
1
33
3
5
-41
64
34
89
27
-22
9
26
52
8
-10
92
90
62
43
181
147
12
19
10
128
18
8
37
2
-24
74
32
22
77
175
32
27
64
5
151
61
86
12
0
-20
178
96
22
27
130
39
28
0
35
76
113
0
22
21
107
59
55
121
15
177
135
60
4
0
50
0
0
116
28
254
88
34
52
8
53
194
76
6
57
47
100
3
7
30
94
121
3
14
62
135
173
0
0
61
166
160
55
40
35
245
133
28
0
2
108
0
55
7
39
81
35
27
49
19
127
113
61
84
5
75
57
91
120
0
-38
57
120
5
8
180
184
18
16
56
253
95
13
6
19
53
105
29
64
44
157
12
0
0
52
27
100
49
64
5
104
117
29
16
18
126
68
22
0
1
-52
91
63
102
23
115
62
112
138
21
178
197
127
0
3
-38
73
0
97
23
255
57
25
45
42
91
72
75
69
42
149
92
70
16
31
161
19
32
79
32
109
108
56
71
10
71
102
55
4
51
108
30
124
145
5
193
46
129
23
4
109
69
21
35
22
88
137
105
0
22
94
26
126
37
3
118
85
101
48
0
-71
124
16
37
17
109
19
31
6
9
-53
143
84
50
30
140
44
69
54
40
95
18
68
9
7
96
76
18
21
17
88
63
24
50
51
102
0
96
80
0
33
155
13
37
8
-2
76
112
109
5
172
123
0
8
19
-1